56

imagem_001.png 0.908528 -0.000000 0.417824 0.309174 0.672648 -0.672277 -0.281048 0.739963 0.611120 -0.030137 -0.034308 -0.054136 961.919983 955.200012 649.299988 365.399994
imagem_002.png 0.908528 0.000000 0.417824 0.244608 0.810721 -0.531882 -0.338738 0.585433 0.736563 -0.027511 -0.026029 -0.059847 961.919983 955.200012 649.299988 365.399994
imagem_003.png 0.907886 -0.000000 0.419217 0.145148 0.938147 -0.314343 -0.393287 0.346236 0.851731 -0.025149 -0.013559 -0.064805 961.919983 955.200012 649.299988 365.399994
imagem_004.png 0.907242 0.000000 0.420609 0.034324 0.996665 -0.074037 -0.419206 0.081607 0.904216 -0.024264 -0.000094 -0.066537 961.919983 955.200012 649.299988 365.399994
imagem_005.png 0.906596 -0.000000 0.422000 -0.075665 0.983795 0.162553 -0.415162 -0.179300 0.891904 -0.024874 0.012900 -0.065045 961.919983 955.200012 649.299988 365.399994
imagem_006.png 0.906596 -0.000000 0.422000 -0.180604 0.903792 0.387998 -0.381400 -0.427972 0.819374 -0.026982 0.025014 -0.060517 961.919983 955.200012 649.299988 365.399994
imagem_007.png 0.906596 0.000000 0.422000 -0.273220 0.762117 0.586966 -0.321613 -0.647440 0.690932 -0.030342 0.035420 -0.053299 961.919983 955.200012 649.299988 365.399994
imagem_008.png 0.906596 -0.000000 0.422000 -0.348373 0.564362 0.748419 -0.238161 -0.825527 0.511649 -0.034815 0.043534 -0.043689 961.919983 955.200012 649.299988 365.399994
imagem_009.png 0.253382 0.000000 0.967366 -0.798587 0.564362 0.209174 -0.545945 -0.825527 0.142999 0.011434 0.043534 -0.054682 961.919983 955.200012 649.299988 365.399994
imagem_010.png 0.253382 0.000000 0.967366 -0.685979 0.705088 0.179678 -0.682078 -0.709120 0.178657 0.018691 0.038276 -0.056582 961.919983 955.200012 649.299988 365.399994
imagem_011.png 0.257831 0.000000 0.966190 -0.493569 0.859675 0.131711 -0.830610 -0.510841 0.221651 0.026665 0.028981 -0.058865 961.919983 955.200012 649.299988 365.399994
imagem_012.png 0.259313 -0.000000 0.965793 -0.252301 0.965274 0.067742 -0.932256 -0.261238 0.250308 0.032638 0.016923 -0.060534 961.919983 955.200012 649.299988 365.399994
imagem_013.png 0.259313 0.000000 0.965793 0.002522 0.999997 -0.000677 -0.965790 0.002611 0.259312 0.035334 0.003869 -0.061258 961.919983 955.200012 649.299988 365.399994
imagem_014.png 0.259313 0.000000 0.965793 0.257167 0.963897 -0.069049 -0.930925 0.266275 0.249951 0.034609 -0.009458 -0.061063 961.919983 955.200012 649.299988 365.399994
imagem_015.png 0.259313 0.000000 0.965793 0.501781 0.854438 -0.134727 -0.825211 0.519553 0.221567 0.030302 -0.022560 -0.059907 961.919983 955.200012 649.299988 365.399994
imagem_016.png 0.260794 -0.000000 0.965394 0.714356 0.672648 -0.192978 -0.649370 0.739963 0.175423 0.022286 -0.034308 -0.057813 961.919983 955.200012 649.299988 365.399994
imagem_017.png -0.580814 -0.000000 0.814037 0.599643 0.676297 0.427844 -0.550531 0.736629 -0.392803 0.058966 -0.034126 -0.019350 961.919983 955.200012 649.299988 365.399994
imagem_018.png -0.577062 -0.000000 0.816701 0.471555 0.816468 0.333190 -0.666810 0.577390 -0.471153 0.064080 -0.025604 -0.015945 961.919983 955.200012 649.299988 365.399994
imagem_019.png -0.575808 -0.000000 0.817585 0.283077 0.938148 0.199365 -0.767015 0.346236 -0.540193 0.068273 -0.013559 -0.013072 961.919983 955.200012 649.299988 365.399994
imagem_020.png -0.574553 -0.000000 0.818467 0.066792 0.996665 0.046887 -0.815737 0.081607 -0.572637 0.069782 -0.000094 -0.012104 961.919983 955.200012 649.299988 365.399994
imagem_021.png -0.573297 -0.000000 0.819347 -0.146909 0.983794 -0.102792 -0.806069 -0.179300 -0.564007 0.068381 0.012900 -0.013178 961.919983 955.200012 649.299988 365.399994
imagem_022.png -0.573297 0.000000 0.819348 -0.350658 0.903792 -0.245355 -0.740520 -0.427972 -0.518141 0.064288 0.025014 -0.016042 961.919983 955.200012 649.299988 365.399994
imagem_023.png -0.573297 -0.000000 0.819347 -0.527385 0.765308 -0.369011 -0.627053 -0.643665 -0.438749 0.057908 0.035244 -0.020506 961.919983 955.200012 649.299988 365.399994
imagem_024.png -0.573297 -0.000000 0.819347 -0.671789 0.572496 -0.470051 -0.469073 -0.819908 -0.328210 0.049431 0.043285 -0.026437 961.919983 955.200012 649.299988 365.399994
imagem_025.png -0.996697 -0.000000 0.081212 -0.066586 0.572496 -0.817199 -0.046493 -0.819908 -0.570605 0.051893 0.043285 0.021201 961.919983 955.200012 649.299988 365.399994
imagem_026.png -0.996697 0.000000 0.081212 -0.057589 0.705088 -0.706778 -0.057261 -0.709120 -0.702759 0.052468 0.038276 0.028250 961.919983 955.200012 649.299988 365.399994
imagem_027.png -0.996313 0.000000 0.085797 -0.043829 0.859676 -0.508957 -0.073758 -0.510841 -0.856506 0.053328 0.028981 0.036500 961.919983 955.200012 649.299988 365.399994
imagem_028.png -0.996180 0.000000 0.087326 -0.022813 0.965275 -0.260240 -0.084293 -0.261238 -0.961587 0.053932 0.016923 0.042672 961.919983 955.200012 649.299988 365.399994
imagem_029.png -0.996180 -0.000000 0.087326 0.000228 0.999997 0.002601 -0.087325 0.002611 -0.996177 0.054176 0.003869 0.045453 961.919983 955.200012 649.299988 365.399994
imagem_030.png -0.996045 -0.000000 0.088854 0.023660 0.963897 0.265222 -0.085646 0.266275 -0.960085 0.054179 -0.009458 0.044622 961.919983 955.200012 649.299988 365.399994
imagem_031.png -0.996180 -0.000000 0.087326 0.045739 0.851860 0.521769 -0.074389 0.523770 -0.848605 0.053711 -0.022781 0.040151 961.919983 955.200012 649.299988 365.399994
imagem_032.png -0.996045 -0.000000 0.088854 0.065452 0.676297 0.733715 -0.060092 0.736629 -0.673622 0.053069 -0.034126 0.032173 961.919983 955.200012 649.299988 365.399994
imagem_033.png -0.703845 0.000000 -0.710353 -0.523267 0.676297 0.518473 0.480410 0.736629 -0.476009 0.009079 -0.034126 0.061392 961.919983 955.200012 649.299988 365.399994
imagem_034.png -0.702755 0.000000 -0.711432 -0.416496 0.810721 0.411416 0.576773 0.585433 -0.569738 0.004633 -0.026029 0.065704 961.919983 955.200012 649.299988 365.399994
imagem_035.png -0.704934 0.000000 -0.709273 -0.245576 0.938148 0.244074 0.665403 0.346236 -0.661332 0.000994 -0.013559 0.069507 961.919983 955.200012 649.299988 365.399994
imagem_036.png -0.706021 -0.000000 -0.708190 -0.057793 0.996665 0.057616 0.705828 0.081607 -0.703666 -0.000222 -0.000094 0.070823 961.919983 955.200012 649.299988 365.399994
imagem_037.png -0.707107 -0.000000 -0.707107 0.126784 0.983794 -0.126784 0.695648 -0.179300 -0.695648 0.001080 0.012900 0.069631 961.919983 955.200012 649.299988 365.399994
imagem_038.png -0.707107 -0.000000 -0.707107 0.302622 0.903792 -0.302622 0.639077 -0.427972 -0.639078 0.004612 0.025014 0.066099 961.919983 955.200012 649.299988 365.399994
imagem_039.png -0.707107 0.000000 -0.707107 0.455140 0.765308 -0.455140 0.541154 -0.643665 -0.541154 0.010118 0.035244 0.060592 961.919983 955.200012 649.299988 365.399994
imagem_040.png -0.707107 -0.000000 -0.707107 0.577754 0.576541 -0.577754 0.407676 -0.817068 -0.407676 0.017283 0.043160 0.053428 961.919983 955.200012 649.299988 365.399994
imagem_041.png 0.091909 0.000000 -0.995767 0.813610 0.576541 0.075096 0.574101 -0.817068 0.052989 -0.030046 0.043160 0.047439 961.919983 955.200012 649.299988 365.399994
imagem_042.png 0.091909 -0.000000 -0.995768 0.706119 0.705088 0.065174 0.702104 -0.709120 0.064804 -0.036876 0.038276 0.046809 961.919983 955.200012 649.299988 365.399994
imagem_043.png 0.087325 0.000000 -0.996180 0.504650 0.862190 0.044238 0.858896 -0.506585 0.075291 -0.045292 0.028778 0.046221 961.919983 955.200012 649.299988 365.399994
imagem_044.png 0.085797 -0.000000 -0.996313 0.260274 0.965275 0.022413 0.961715 -0.261238 0.082818 -0.051335 0.016923 0.045764 961.919983 955.200012 649.299988 365.399994
imagem_045.png 0.085797 -0.000000 -0.996312 -0.002602 0.999997 -0.000224 0.996309 0.002611 0.085797 -0.054116 0.003869 0.045525 961.919983 955.200012 649.299988 365.399994
imagem_046.png 0.085797 0.000000 -0.996313 -0.270037 0.962569 -0.023254 0.959020 0.271037 0.082586 -0.053321 -0.009702 0.045593 961.919983 955.200012 649.299988 365.399994
imagem_047.png 0.085797 0.000000 -0.996313 -0.521839 0.851860 -0.044938 0.848719 0.523770 0.073087 -0.048813 -0.022781 0.045982 961.919983 955.200012 649.299988 365.399994
imagem_048.png 0.085797 0.000000 -0.996313 -0.737234 0.672648 -0.063487 0.670168 0.739963 0.057711 -0.040747 -0.034308 0.046676 961.919983 955.200012 649.299988 365.399994
imagem_049.png 0.821102 0.000000 -0.570781 -0.420454 0.676297 -0.604848 0.386018 0.736629 0.555309 -0.062038 -0.034126 -0.001646 961.919983 955.200012 649.299988 365.399994
imagem_050.png 0.821102 0.000000 -0.570781 -0.329563 0.816468 -0.474096 0.466025 0.577390 0.670404 -0.065675 -0.025604 -0.006878 961.919983 955.200012 649.299988 365.399994
imagem_051.png 0.821102 0.000000 -0.570781 -0.197625 0.938147 -0.284295 0.535477 0.346236 0.770315 -0.068619 -0.013559 -0.011114 961.919983 955.200012 649.299988 365.399994
imagem_052.png 0.819347 0.000000 -0.573298 -0.046785 0.996665 -0.066864 0.571386 0.081607 0.816614 -0.069724 -0.000094 -0.012433 961.919983 955.200012 649.299988 365.399994
imagem_053.png 0.819347 0.000000 -0.573298 0.102792 0.983794 0.146909 0.564007 -0.179300 0.806069 -0.068757 0.012900 -0.011051 961.919983 955.200012 649.299988 365.399994
imagem_054.png 0.818467 -0.000000 -0.574554 0.245893 0.903792 0.350281 0.519277 -0.427972 0.739724 -0.065904 0.025014 -0.006857 961.919983 955.200012 649.299988 365.399994
imagem_055.png 0.812250 0.000000 -0.583309 0.377657 0.762117 0.525883 0.444549 -0.647440 0.619030 -0.061329 0.035420 0.000317 961.919983 955.200012 649.299988 365.399994
imagem_056.png 0.815814 0.000000 -0.578314 0.477414 0.564362 0.673477 0.326379 -0.825527 0.460415 -0.055200 0.043534 0.008589 961.919983 955.200012 649.299988 365.399994
