80

D:\Faculdade\TCC\dataset\scan24/imagem_001.png 0.957965 -0.025061 0.285788 0.229118 0.666339 -0.709575 -0.172649 0.745227 0.644072 -0.000600 0.030400 0.007900 955.450012 926.419983 613.390015 330.489990
D:\Faculdade\TCC\dataset\scan24/imagem_002.png 0.957951 -0.025652 0.285784 0.177515 0.835492 -0.520040 -0.225430 0.548904 0.804914 -0.000600 0.030400 0.007900 955.450012 926.419983 613.390015 330.489990
D:\Faculdade\TCC\dataset\scan24/imagem_003.png 0.957954 -0.025518 0.285785 0.109527 0.953134 -0.282029 -0.265194 0.301472 0.915853 -0.000600 0.030400 0.007900 955.450012 926.419983 613.390015 330.489990
D:\Faculdade\TCC\dataset\scan24/imagem_004.png 0.957932 -0.026388 0.285778 0.032602 0.999324 -0.017005 -0.285136 0.025606 0.958145 -0.000600 0.030400 0.007900 955.450012 926.419983 613.390015 330.489990
D:\Faculdade\TCC\dataset\scan24/imagem_005.png 0.957929 -0.026507 0.285777 -0.040969 0.972900 0.227568 -0.284065 -0.229702 0.930884 -0.000600 0.030400 0.007900 955.450012 926.419983 613.390015 330.489990
D:\Faculdade\TCC\dataset\scan24/imagem_006.png 0.957876 -0.028518 0.285762 -0.116060 0.871736 0.476032 -0.262684 -0.489145 0.831705 -0.000600 0.030400 0.007900 955.450012 926.419983 613.390015 330.489990
D:\Faculdade\TCC\dataset\scan24/imagem_007.png 0.957856 -0.029261 0.285755 -0.179480 0.715740 0.674910 -0.224275 -0.697753 0.680324 -0.000600 0.030400 0.007900 955.450012 926.419983 613.390015 330.489990
D:\Faculdade\TCC\dataset\scan24/imagem_008.png 0.957806 -0.031000 0.285740 -0.232140 0.502750 0.832678 -0.169469 -0.863876 0.474341 -0.000600 0.030400 0.007900 955.450012 926.419983 613.390015 330.489990
D:\Faculdade\TCC\dataset\scan24/imagem_009.png 0.625610 -0.037772 0.779221 -0.661318 0.504184 0.555389 -0.413849 -0.862770 0.290443 -0.000600 0.030400 0.007900 955.450012 926.419983 613.390015 330.489990
D:\Faculdade\TCC\dataset\scan24/imagem_010.png 0.625641 -0.036423 0.779260 -0.546643 0.692186 0.471233 -0.556557 -0.720800 0.413150 -0.000600 0.030400 0.007900 955.450012 926.419983 613.390015 330.489990
D:\Faculdade\TCC\dataset\scan24/imagem_011.png 0.625664 -0.035373 0.779290 -0.387767 0.852710 0.350030 -0.676890 -0.521185 0.519794 -0.000600 0.030400 0.007900 955.450012 926.419983 613.390015 330.489990
D:\Faculdade\TCC\dataset\scan24/imagem_012.png 0.625674 -0.034942 0.779302 -0.190280 0.961985 0.195903 -0.756522 -0.270857 0.595240 -0.000600 0.030400 0.007900 955.450012 926.419983 613.390015 330.489990
D:\Faculdade\TCC\dataset\scan24/imagem_013.png 0.625688 -0.034320 0.779318 0.019963 0.999409 0.027985 -0.779818 -0.001952 0.626003 -0.000600 0.030400 0.007900 955.450012 926.419983 613.390015 330.489990
D:\Faculdade\TCC\dataset\scan24/imagem_014.png 0.625715 -0.033024 0.779352 0.228040 0.963201 -0.142271 -0.745975 0.266745 0.610220 -0.000600 0.030400 0.007900 955.450012 926.419983 613.390015 330.489990
D:\Faculdade\TCC\dataset\scan24/imagem_015.png 0.625727 -0.032418 0.779368 0.423851 0.852899 -0.304819 -0.654840 0.521069 0.547422 -0.000600 0.030400 0.007900 955.450012 926.419983 613.390015 330.489990
D:\Faculdade\TCC\dataset\scan24/imagem_016.png 0.625733 -0.032164 0.779374 0.595976 0.664340 -0.451072 -0.503261 0.746738 0.434868 -0.000600 0.030400 0.007900 955.450012 926.419983 613.390015 330.489990
D:\Faculdade\TCC\dataset\scan24/imagem_017.png 0.065866 -0.037867 0.997110 0.751755 0.658982 -0.024633 -0.656144 0.751205 0.071871 -0.000600 0.030400 0.007900 955.450012 926.419983 613.390015 330.489990
D:\Faculdade\TCC\dataset\scan24/imagem_018.png 0.064335 -0.038582 0.997182 0.556827 0.830620 -0.003787 -0.828133 0.555501 0.074921 -0.000600 0.030400 0.007900 955.450012 926.419983 613.390015 330.489990
D:\Faculdade\TCC\dataset\scan24/imagem_019.png 0.064331 -0.040035 0.997125 0.315464 0.948772 0.017741 -0.946754 0.313416 0.073665 -0.000600 0.030400 0.007900 955.450012 926.419983 613.390015 330.489990
D:\Faculdade\TCC\dataset\scan24/imagem_020.png 0.064333 -0.039277 0.997155 0.038762 0.998569 0.036832 -0.997175 0.036282 0.065763 -0.000600 0.030400 0.007900 955.450012 926.419983 613.390015 330.489990
D:\Faculdade\TCC\dataset\scan24/imagem_021.png 0.062802 -0.039910 0.997228 -0.217759 0.974578 0.052717 -0.973980 -0.220466 0.052514 -0.000600 0.030400 0.007900 955.450012 926.419983 613.390015 330.489990
D:\Faculdade\TCC\dataset\scan24/imagem_022.png 0.064326 -0.041738 0.997056 -0.476810 0.876415 0.067450 -0.876649 -0.479745 0.036476 -0.000600 0.030400 0.007900 955.450012 926.419983 613.390015 330.489990
D:\Faculdade\TCC\dataset\scan24/imagem_023.png 0.064327 -0.041676 0.997058 -0.688441 0.721449 0.074572 -0.722434 -0.691213 0.017717 -0.000600 0.030400 0.007900 955.450012 926.419983 613.390015 330.489990
D:\Faculdade\TCC\dataset\scan24/imagem_024.png 0.062795 -0.042714 0.997112 -0.857000 0.509709 0.075806 -0.511475 -0.859286 -0.004599 -0.000600 0.030400 0.007900 955.450012 926.419983 613.390015 330.489990
D:\Faculdade\TCC\dataset\scan24/imagem_025.png -0.522796 -0.043154 0.851365 -0.741205 0.516328 -0.428978 -0.421072 -0.855303 -0.301920 -0.000600 0.030400 0.007900 955.450012 926.419983 613.390015 330.489990
D:\Faculdade\TCC\dataset\scan24/imagem_026.png -0.522799 -0.042985 0.851372 -0.621991 0.702191 -0.346491 -0.582931 -0.710690 -0.393841 -0.000600 0.030400 0.007900 955.450012 926.419983 613.390015 330.489990
D:\Faculdade\TCC\dataset\scan24/imagem_027.png -0.522836 -0.041323 0.851431 -0.449036 0.862360 -0.233885 -0.724575 -0.504607 -0.469428 -0.000600 0.030400 0.007900 955.450012 926.419983 613.390015 330.489990
D:\Faculdade\TCC\dataset\scan24/imagem_028.png -0.522864 -0.039996 0.851477 -0.238489 0.965870 -0.101079 -0.818374 -0.255919 -0.514558 -0.000600 0.030400 0.007900 955.450012 926.419983 613.390015 330.489990
D:\Faculdade\TCC\dataset\scan24/imagem_029.png -0.522862 -0.040083 0.851474 -0.009735 0.999109 0.041055 -0.852362 0.013177 -0.522787 -0.000600 0.030400 0.007900 955.450012 926.419983 613.390015 330.489990
D:\Faculdade\TCC\dataset\scan24/imagem_030.png -0.522897 -0.038380 0.851531 0.220519 0.958885 0.178633 -0.823377 0.281185 -0.492935 -0.000600 0.030400 0.007900 955.450012 926.419983 613.390015 330.489990
D:\Faculdade\TCC\dataset\scan24/imagem_031.png -0.522901 -0.038223 0.851536 0.440342 0.843256 0.308251 -0.729845 0.536152 -0.424108 -0.000600 0.030400 0.007900 955.450012 926.419983 613.390015 330.489990
D:\Faculdade\TCC\dataset\scan24/imagem_032.png -0.522907 -0.037922 0.851546 0.635613 0.648294 0.419179 -0.567948 0.760445 -0.314894 -0.000600 0.030400 0.007900 955.450012 926.419983 613.390015 330.489990
D:\Faculdade\TCC\dataset\scan24/imagem_033.png -0.915543 -0.033735 0.400802 0.287472 0.642070 0.710708 -0.281318 0.765904 -0.578145 -0.000600 0.030400 0.007900 955.450012 926.419983 613.390015 330.489990
D:\Faculdade\TCC\dataset\scan24/imagem_034.png -0.915513 -0.034722 0.400788 0.202269 0.821450 0.533205 -0.347741 0.569223 -0.745025 -0.000600 0.030400 0.007900 955.450012 926.419983 613.390015 330.489990
D:\Faculdade\TCC\dataset\scan24/imagem_035.png -0.915503 -0.035005 0.400784 0.100959 0.944340 0.313097 -0.389436 0.327104 -0.861012 -0.000600 0.030400 0.007900 955.450012 926.419983 613.390015 330.489990
D:\Faculdade\TCC\dataset\scan24/imagem_036.png -0.915489 -0.035467 0.400778 -0.011387 0.997992 0.062308 -0.402183 0.052479 -0.914054 -0.000600 0.030400 0.007900 955.450012 926.419983 613.390015 330.489990
D:\Faculdade\TCC\dataset\scan24/imagem_037.png -0.915479 -0.035773 0.400773 -0.114692 0.977919 -0.174701 -0.385674 -0.205901 -0.899367 -0.000600 0.030400 0.007900 955.450012 926.419983 613.390015 330.489990
D:\Faculdade\TCC\dataset\scan24/imagem_038.png -0.915443 -0.036854 0.400758 -0.217472 0.883190 -0.415549 -0.338631 -0.467565 -0.816525 -0.000600 0.030400 0.007900 955.450012 926.419983 613.390015 330.489990
D:\Faculdade\TCC\dataset\scan24/imagem_039.png -0.915439 -0.036978 0.400756 -0.297608 0.732534 -0.612228 -0.270928 -0.679726 -0.681595 -0.000600 0.030400 0.007900 955.450012 926.419983 613.390015 330.489990
D:\Faculdade\TCC\dataset\scan24/imagem_040.png -0.915352 -0.039458 0.400718 -0.360675 0.522786 -0.772405 -0.179013 -0.851551 -0.492765 -0.000600 0.030400 0.007900 955.450012 926.419983 613.390015 330.489990
D:\Faculdade\TCC\dataset\scan24/imagem_041.png -0.980570 -0.032358 -0.193484 0.148103 0.524668 -0.838325 0.128641 -0.850692 -0.509681 -0.000600 0.030400 0.007900 955.450012 926.419983 613.390015 330.489990
D:\Faculdade\TCC\dataset\scan24/imagem_042.png -0.980626 -0.030537 -0.193495 0.115472 0.707799 -0.696912 0.158237 -0.705753 -0.690560 -0.000600 0.030400 0.007900 955.450012 926.419983 613.390015 330.489990
D:\Faculdade\TCC\dataset\scan24/imagem_043.png -0.980687 -0.028409 -0.193507 0.071728 0.868213 -0.490981 0.181954 -0.495379 -0.849407 -0.000600 0.030400 0.007900 955.450012 926.419983 613.390015 330.489990
D:\Faculdade\TCC\dataset\scan24/imagem_044.png -0.980685 -0.028490 -0.193507 0.020279 0.969193 -0.245466 0.194539 -0.244649 -0.949896 -0.000600 0.030400 0.007900 955.450012 926.419983 613.390015 330.489990
D:\Faculdade\TCC\dataset\scan24/imagem_045.png -0.980717 -0.027322 -0.193513 -0.031400 0.999344 0.018034 0.192894 0.023763 -0.980932 -0.000600 0.030400 0.007900 955.450012 926.419983 613.390015 330.489990
D:\Faculdade\TCC\dataset\scan24/imagem_046.png -0.980747 -0.026186 -0.193519 -0.081380 0.955626 0.283120 0.177518 0.293418 -0.939358 -0.000600 0.030400 0.007900 955.450012 926.419983 613.390015 330.489990
D:\Faculdade\TCC\dataset\scan24/imagem_047.png -0.980753 -0.025926 -0.193520 -0.127351 0.836236 0.533378 0.148000 0.547757 -0.823443 -0.000600 0.030400 0.007900 955.450012 926.419983 613.390015 330.489990
D:\Faculdade\TCC\dataset\scan24/imagem_048.png -0.980443 -0.026412 -0.195022 -0.166898 0.636716 0.752820 0.104290 0.770646 -0.628672 -0.000600 0.030400 0.007900 955.450012 926.419983 613.390015 330.489990
D:\Faculdade\TCC\dataset\scan24/imagem_049.png -0.688331 -0.016856 -0.725201 -0.566321 0.637217 0.522718 0.453300 0.770500 -0.448162 -0.000600 0.030400 0.007900 955.450012 926.419983 613.390015 330.489990
D:\Faculdade\TCC\dataset\scan24/imagem_050.png -0.687224 -0.016294 -0.726263 -0.423811 0.820971 0.382611 0.590006 0.570737 -0.571097 -0.000600 0.030400 0.007900 955.450012 926.419983 613.390015 330.489990
D:\Faculdade\TCC\dataset\scan24/imagem_051.png -0.687218 -0.016863 -0.726256 -0.250068 0.944123 0.214705 0.682054 0.329163 -0.653035 -0.000600 0.030400 0.007900 955.450012 926.419983 613.390015 330.489990
D:\Faculdade\TCC\dataset\scan24/imagem_052.png -0.687185 -0.019470 -0.726221 -0.053304 0.998298 0.023675 0.724524 0.054979 -0.687053 -0.000600 0.030400 0.007900 955.450012 926.419983 613.390015 330.489990
D:\Faculdade\TCC\dataset\scan24/imagem_053.png -0.687202 -0.018157 -0.726240 0.136778 0.978575 -0.153892 0.713474 -0.205089 -0.669995 -0.000600 0.030400 0.007900 955.450012 926.419983 613.390015 330.489990
D:\Faculdade\TCC\dataset\scan24/imagem_054.png -0.687170 -0.020569 -0.726206 0.325290 0.885089 -0.332874 0.649603 -0.464968 -0.601515 -0.000600 0.030400 0.007900 955.450012 926.419983 613.390015 330.489990
D:\Faculdade\TCC\dataset\scan24/imagem_055.png -0.687174 -0.020277 -0.726210 0.483781 0.732967 -0.478242 0.541985 -0.679962 -0.493866 -0.000600 0.030400 0.007900 955.450012 926.419983 613.390015 330.489990
D:\Faculdade\TCC\dataset\scan24/imagem_056.png -0.687150 -0.021936 -0.726184 0.610724 0.523937 -0.593723 0.393499 -0.851474 -0.346626 -0.000600 0.030400 0.007900 955.450012 926.419983 613.390015 330.489990
D:\Faculdade\TCC\dataset\scan24/imagem_057.png -0.152776 -0.016538 -0.988123 0.844095 0.517817 -0.139175 0.513969 -0.855332 -0.065150 -0.000600 0.030400 0.007900 955.450012 926.419983 613.390015 330.489990
D:\Faculdade\TCC\dataset\scan24/imagem_058.png -0.152782 -0.014475 -0.988154 0.699785 0.704454 -0.118515 0.697824 -0.709602 -0.097498 -0.000600 0.030400 0.007900 955.450012 926.419983 613.390015 330.489990
D:\Faculdade\TCC\dataset\scan24/imagem_059.png -0.152783 -0.013997 -0.988160 0.498233 0.862437 -0.089250 0.853475 -0.505970 -0.124792 -0.000600 0.030400 0.007900 955.450012 926.419983 613.390015 330.489990
D:\Faculdade\TCC\dataset\scan24/imagem_060.png -0.152784 -0.013133 -0.988173 0.246848 0.967710 -0.051027 0.956934 -0.251725 -0.144609 -0.000600 0.030400 0.007900 955.450012 926.419983 613.390015 330.489990
D:\Faculdade\TCC\dataset\scan24/imagem_061.png -0.152785 -0.012693 -0.988178 -0.017182 0.999801 -0.010186 0.988110 0.015423 -0.152973 -0.000600 0.030400 0.007900 955.450012 926.419983 613.390015 330.489990
D:\Faculdade\TCC\dataset\scan24/imagem_062.png -0.152789 -0.010480 -0.988203 -0.281497 0.958982 0.033353 0.947320 0.283272 -0.149472 -0.000600 0.030400 0.007900 955.450012 926.419983 613.390015 330.489990
D:\Faculdade\TCC\dataset\scan24/imagem_063.png -0.152791 -0.009407 -0.988214 -0.531043 0.844101 0.074071 0.833455 0.536101 -0.133967 -0.000600 0.030400 0.007900 955.450012 926.419983 613.390015 330.489990
D:\Faculdade\TCC\dataset\scan24/imagem_064.png -0.152790 -0.009805 -0.988210 -0.754239 0.647288 0.110193 0.638576 0.762183 -0.106295 -0.000600 0.030400 0.007900 955.450012 926.419983 613.390015 330.489990
D:\Faculdade\TCC\dataset\scan24/imagem_065.png 0.437225 -0.007463 -0.899321 -0.677881 0.654411 -0.334998 0.591026 0.756102 0.281065 -0.000600 0.030400 0.007900 955.450012 926.419983 613.390015 330.489990
D:\Faculdade\TCC\dataset\scan24/imagem_066.png 0.437221 -0.008556 -0.899314 -0.499036 0.829583 -0.250510 0.748199 0.558318 0.358441 -0.000600 0.030400 0.007900 955.450012 926.419983 613.390015 330.489990
D:\Faculdade\TCC\dataset\scan24/imagem_067.png 0.438596 -0.009399 -0.898635 -0.278879 0.949157 -0.146039 0.854318 0.314663 0.413676 -0.000600 0.030400 0.007900 955.450012 926.419983 613.390015 330.489990
D:\Faculdade\TCC\dataset\scan24/imagem_068.png 0.438589 -0.011051 -0.898620 -0.030510 0.999165 -0.027178 0.898170 0.039337 0.437885 -0.000600 0.030400 0.007900 955.450012 926.419983 613.390015 330.489990
D:\Faculdade\TCC\dataset\scan24/imagem_069.png 0.438584 -0.012113 -0.898609 0.201914 0.975673 0.085396 0.875714 -0.218895 0.430360 -0.000600 0.030400 0.007900 955.450012 926.419983 613.390015 330.489990
D:\Faculdade\TCC\dataset\scan24/imagem_070.png 0.439960 -0.012292 -0.897933 0.433670 0.878491 0.200460 0.786362 -0.477601 0.391832 -0.000600 0.030400 0.007900 955.450012 926.419983 613.390015 330.489990
D:\Faculdade\TCC\dataset\scan24/imagem_071.png 0.438577 -0.013325 -0.898595 0.624934 0.723084 0.294289 0.645838 -0.690631 0.325455 -0.000600 0.030400 0.007900 955.450012 926.419983 613.390015 330.489990
D:\Faculdade\TCC\dataset\scan24/imagem_072.png 0.439946 -0.014732 -0.897903 0.775521 0.510368 0.371608 0.452786 -0.859830 0.235960 -0.000600 0.030400 0.007900 955.450012 926.419983 613.390015 330.489990
D:\Faculdade\TCC\dataset\scan24/imagem_073.png 0.874436 -0.018549 -0.484786 0.427211 0.502972 0.751339 0.229897 -0.864104 0.447741 -0.000600 0.030400 0.007900 955.450012 926.419983 613.390015 330.489990
D:\Faculdade\TCC\dataset\scan24/imagem_074.png 0.874456 -0.017276 -0.484797 0.358631 0.695989 0.622080 0.326666 -0.717845 0.614808 -0.000600 0.030400 0.007900 955.450012 926.419983 613.390015 330.489990
D:\Faculdade\TCC\dataset\scan24/imagem_075.png 0.874466 -0.016626 -0.484803 0.262706 0.856397 0.444488 0.407794 -0.516050 0.753258 -0.000600 0.030400 0.007900 955.450012 926.419983 613.390015 330.489990
D:\Faculdade\TCC\dataset\scan24/imagem_076.png 0.874475 -0.015961 -0.484808 0.144589 0.962602 0.229112 0.463020 -0.270450 0.844079 -0.000600 0.030400 0.007900 955.450012 926.419983 613.390015 330.489990
D:\Faculdade\TCC\dataset\scan24/imagem_077.png 0.874501 -0.013965 -0.484822 0.012992 0.999901 -0.005367 0.484849 -0.001606 0.874596 -0.000600 0.030400 0.007900 955.450012 926.419983 613.390015 330.489990
D:\Faculdade\TCC\dataset\scan24/imagem_078.png 0.874514 -0.012892 -0.484829 -0.118387 0.963734 -0.239167 0.470330 0.266552 0.841273 -0.000600 0.030400 0.007900 955.450012 926.419983 613.390015 330.489990
D:\Faculdade\TCC\dataset\scan24/imagem_079.png 0.874511 -0.013157 -0.484828 -0.243708 0.852348 -0.462720 0.419330 0.522810 0.742181 -0.000600 0.030400 0.007900 955.450012 926.419983 613.390015 330.489990
D:\Faculdade\TCC\dataset\scan24/imagem_080.png 0.874526 -0.011734 -0.484836 -0.357235 0.660546 -0.660351 0.328005 0.750694 0.573473 -0.000600 0.030400 0.007900 955.450012 926.419983 613.390015 330.489990
